self-play´ÎÊý,loss,entropy
4,3.1010890007019043,1.9018126726150513
5,3.991546392440796,2.684699296951294
6,3.5124778747558594,2.1991055011749268
7,3.288425922393799,2.089667320251465
8,3.0313379764556885,2.3104445934295654
9,3.111104965209961,2.442713975906372
10,3.093193531036377,2.5006513595581055
11,3.2358767986297607,2.476499080657959
12,3.1990113258361816,2.6076197624206543
13,3.1074275970458984,2.5516610145568848
14,3.1635358333587646,2.5359225273132324
15,3.1101126670837402,2.508012533187866
16,3.050384759902954,2.555187463760376
17,3.002075672149658,2.5225791931152344
18,3.0221099853515625,2.5892117023468018
19,3.0845866203308105,2.559128522872925
20,3.0362889766693115,2.5712404251098633
21,3.0603814125061035,2.64635968208313
22,2.9624829292297363,2.5748727321624756
23,2.9527013301849365,2.527210235595703
24,2.9550023078918457,2.5766022205352783
25,3.14603853225708,2.646054744720459
26,3.0991721153259277,2.600924491882324
27,3.0177700519561768,2.592160701751709
28,3.06866717338562,2.6034138202667236
29,3.019122838973999,2.5833144187927246
30,3.0018835067749023,2.5061259269714355
31,3.0064024925231934,2.6151444911956787
32,2.9608888626098633,2.6031391620635986
33,2.8715405464172363,2.5238428115844727
34,2.914891242980957,2.512662172317505
35,2.91975474357605,2.529057264328003
36,2.9014296531677246,2.51707124710083
37,3.0108087062835693,2.5884804725646973
38,3.0152735710144043,2.592642068862915
39,2.957547187805176,2.511585235595703
40,2.962724447250366,2.4945549964904785
41,2.9300425052642822,2.5725796222686768
42,3.0267090797424316,2.612793445587158
43,2.804605722427368,2.487560749053955
44,2.943514108657837,2.489096164703369
45,2.9295966625213623,2.508755683898926
46,2.9409279823303223,2.503251314163208
47,3.0695600509643555,2.5904598236083984
48,2.926717519760132,2.517451763153076
49,3.023441791534424,2.615537166595459
50,3.1015138626098633,2.5812084674835205
51,3.1396689414978027,2.6203038692474365
52,3.076296806335449,2.5460317134857178
53,2.9155638217926025,2.5230050086975098
54,3.0499050617218018,2.582446575164795
55,3.0899806022644043,2.5862390995025635
56,3.096726417541504,2.5638885498046875
57,3.12882661819458,2.611534833908081
58,3.1362125873565674,2.513988494873047
59,3.028545618057251,2.4882967472076416
60,2.9583616256713867,2.537208318710327
61,2.9854788780212402,2.531883716583252
62,3.0101256370544434,2.546532392501831
63,3.1435751914978027,2.5526931285858154
64,3.0086705684661865,2.527906656265259
65,2.985462188720703,2.550819158554077
66,3.017629623413086,2.499462842941284
67,2.9370956420898438,2.473947048187256
68,3.01115083694458,2.5217485427856445
69,2.8563590049743652,2.433220386505127
70,3.075361967086792,2.4754607677459717
71,2.938173770904541,2.455458164215088
72,2.917966604232788,2.4379260540008545
73,2.9166460037231445,2.409343957901001
74,2.87387752532959,2.3966736793518066
75,2.8252904415130615,2.3437719345092773
76,2.8302125930786133,2.347318410873413
77,2.8073301315307617,2.4193296432495117
78,2.7181670665740967,2.357898473739624
79,2.8227758407592773,2.3686201572418213
80,2.6700122356414795,2.2828314304351807
81,2.699246883392334,2.2749836444854736
82,2.738696336746216,2.3048017024993896
83,2.6546924114227295,2.2489705085754395
84,2.7644479274749756,2.36736798286438
85,2.7397537231445312,2.284794807434082
86,2.7001447677612305,2.291548252105713
87,2.6400609016418457,2.2583603858947754
88,2.6815013885498047,2.2836780548095703
89,2.6242311000823975,2.1997199058532715
90,2.8373615741729736,2.3839588165283203
91,2.79232120513916,2.3406918048858643
92,2.9352807998657227,2.342074394226074
93,2.666658639907837,2.2051007747650146
94,2.8126752376556396,2.283550262451172
95,2.6687886714935303,2.157881021499634
96,2.6789491176605225,2.2498950958251953
97,2.6134228706359863,2.238785982131958
98,2.621077060699463,2.1974871158599854
99,2.5927419662475586,2.159857988357544
100,2.5868451595306396,2.173689603805542
101,2.6461119651794434,2.2050771713256836
102,2.626676559448242,2.1948165893554688
103,2.6953516006469727,2.1269443035125732
104,2.720810890197754,2.216179370880127
105,2.65234375,2.2344086170196533
106,2.6389999389648438,2.1379587650299072
107,2.6215980052948,2.1548311710357666
108,2.7102794647216797,2.154526948928833
109,2.7749359607696533,2.1740615367889404
110,2.6786258220672607,2.0789377689361572
111,2.5868542194366455,2.0873701572418213
112,2.6470768451690674,2.1037003993988037
113,2.715993881225586,2.1123595237731934
114,2.90610671043396,2.200383424758911
115,2.867600679397583,2.1486289501190186
116,2.9442636966705322,2.198744058609009
117,2.789738893508911,2.1374104022979736
118,2.734046459197998,2.0950419902801514
119,2.7093045711517334,2.130507707595825
120,2.7413687705993652,2.055081367492676
121,2.949073076248169,2.164519786834717
122,2.7367262840270996,2.148946762084961
123,2.7671327590942383,2.064563751220703
124,2.758314847946167,2.0819687843322754
125,2.698779582977295,2.0805776119232178
126,2.8828060626983643,2.15549898147583
127,2.6718521118164062,2.0071072578430176
128,2.6390345096588135,2.0130443572998047
129,2.761326313018799,2.1012213230133057
130,2.6638474464416504,2.1028366088867188
131,2.7497024536132812,2.1578612327575684
132,2.8367350101470947,2.1264355182647705
133,2.760063648223877,2.1080706119537354
134,2.7440080642700195,2.0886647701263428
135,2.696701765060425,2.102921724319458
136,2.752344846725464,2.1477673053741455
137,2.6469271183013916,2.148524284362793
138,2.6046574115753174,2.067981481552124
139,2.7098398208618164,2.0495452880859375
140,2.6355719566345215,2.1462864875793457
141,2.727238893508911,2.0900778770446777
142,2.6182241439819336,2.1068475246429443
143,2.658487319946289,2.106476306915283
144,2.5756454467773438,2.0939488410949707
145,2.5507073402404785,2.052375316619873
146,2.619581699371338,2.051384449005127
147,2.6281116008758545,2.0017359256744385
148,2.663825511932373,2.174301862716675
149,2.6368608474731445,2.059286117553711
150,2.623210906982422,1.988621473312378
151,2.5582363605499268,2.0648012161254883
152,2.5316951274871826,1.973296880722046
153,2.5982556343078613,2.0892860889434814
154,2.717411518096924,2.1007790565490723
155,2.6437954902648926,2.06723952293396
156,2.6298906803131104,2.1438686847686768
157,2.4885668754577637,2.0659642219543457
158,2.4298641681671143,1.9995927810668945
159,2.444143533706665,2.027263879776001
160,2.5164990425109863,2.1038477420806885
161,2.4560770988464355,2.002840280532837
162,2.6123125553131104,2.0869030952453613
163,2.400092601776123,2.0033557415008545
164,2.4553539752960205,2.0543627738952637
165,2.524445056915283,2.029402732849121
166,2.4569413661956787,2.0545191764831543
167,2.496988534927368,2.123704195022583
168,2.4248132705688477,2.068204641342163
169,2.4099977016448975,2.050522804260254
170,2.3559956550598145,2.0064141750335693
171,2.5141515731811523,2.0664093494415283
172,2.537290096282959,2.0716750621795654
173,2.551637649536133,2.065262794494629
174,2.5931169986724854,2.0321779251098633
175,2.5746445655822754,2.1531624794006348
176,2.5150675773620605,2.014169216156006
177,2.471855640411377,2.079845428466797
178,2.5266900062561035,2.0193374156951904
179,2.4963417053222656,2.0846283435821533
180,2.4675726890563965,1.9806948900222778
181,2.5326972007751465,2.022625684738159
182,2.3703746795654297,1.8554242849349976
183,2.3814423084259033,1.980493187904358
184,2.429966926574707,2.0417861938476562
185,2.516310930252075,1.985026240348816
186,2.410461664199829,1.989762783050537
187,2.415876626968384,1.9530433416366577
188,2.538482666015625,2.011824607849121
189,2.529390811920166,1.970707893371582
190,2.599745750427246,1.9655171632766724
191,2.4428787231445312,1.949604868888855
192,2.643529176712036,1.9839705228805542
193,2.3390045166015625,1.8919670581817627
194,2.467874050140381,1.9046049118041992
195,2.5980007648468018,1.9813642501831055
196,2.5391712188720703,1.9689099788665771
197,2.5634877681732178,1.990644931793213
198,2.5297858715057373,1.9633783102035522
199,2.5187926292419434,1.9858912229537964
200,2.5253846645355225,1.957846999168396
201,2.4598827362060547,1.895851492881775
202,2.585702657699585,1.9878184795379639
203,2.5823428630828857,2.002573251724243
204,2.5555171966552734,1.9939099550247192
205,2.432900905609131,1.8671681880950928
206,2.542022705078125,2.0390005111694336
207,2.6772966384887695,1.9435535669326782
208,2.595339059829712,1.9577221870422363
209,2.4875330924987793,1.959741473197937
210,2.459467649459839,1.9295293092727661
211,2.549276113510132,1.9723210334777832
212,2.575061798095703,1.907143473625183
213,2.61185622215271,1.9410794973373413
214,2.566931962966919,1.9599477052688599
215,2.5792250633239746,1.9131413698196411
216,2.579178810119629,1.8588286638259888
217,2.6184544563293457,1.9663745164871216
218,2.583211898803711,1.962937355041504
219,2.6699771881103516,2.0492284297943115
220,2.649034261703491,2.0061285495758057
221,2.692164897918701,2.0092339515686035
222,2.6887056827545166,2.0055909156799316
223,2.609964370727539,1.9846922159194946
224,2.6349596977233887,1.9761295318603516
225,2.5715079307556152,2.0060536861419678
226,2.6246538162231445,2.0235977172851562
227,2.5441713333129883,1.9872568845748901
228,2.531553268432617,2.050645589828491
229,2.60772442817688,1.9237685203552246
230,2.5266523361206055,1.9899729490280151
231,2.593440055847168,1.9911184310913086
232,2.5416245460510254,2.0019710063934326
233,2.5921599864959717,2.067983388900757
234,2.4461424350738525,1.9031754732131958
235,2.472604751586914,2.0396201610565186
236,2.4032206535339355,1.943192481994629
237,2.579300880432129,2.023460626602173
238,2.5674190521240234,2.040572166442871
239,2.52018666267395,2.0088019371032715
240,2.4184839725494385,1.9975416660308838
241,2.5153586864471436,1.94408118724823
242,2.629188060760498,1.9972316026687622
243,2.523662567138672,1.9896084070205688
244,2.524254083633423,2.012429714202881
245,2.5376574993133545,2.0762147903442383
246,2.5827455520629883,2.026233673095703
247,2.564708709716797,2.0524744987487793
248,2.5991311073303223,2.0559751987457275
249,2.4599716663360596,2.019477128982544
250,2.481903314590454,2.015305757522583
251,2.4836647510528564,2.0828120708465576
252,2.4780466556549072,2.0287632942199707
253,2.503469705581665,2.029456615447998
254,2.476806402206421,2.054884910583496
255,2.4430530071258545,2.0494682788848877
256,2.4576332569122314,2.068404197692871
257,2.347266435623169,1.979188084602356
258,2.3992514610290527,2.0216217041015625
259,2.424339532852173,2.034578561782837
260,2.421088218688965,1.9979958534240723
261,2.4119064807891846,2.0145812034606934
262,2.473593235015869,1.9835869073867798
263,2.4580631256103516,2.045372724533081
264,2.356860637664795,1.9699645042419434
265,2.5101943016052246,2.0372860431671143
266,2.452650308609009,2.0283074378967285
267,2.4937551021575928,2.0210683345794678
268,2.4656217098236084,2.016697645187378
269,2.4740726947784424,2.013016939163208
270,2.4471094608306885,1.9634803533554077
271,2.492842674255371,1.9694842100143433
272,2.6001181602478027,1.9820690155029297
273,2.391897201538086,2.0015745162963867
274,2.4559192657470703,1.9573034048080444
275,2.3775522708892822,1.9899084568023682
276,2.4880995750427246,1.965145230293274
277,2.4771676063537598,2.0182909965515137
278,2.473754644393921,1.978528380393982
279,2.4991095066070557,2.0033600330352783
280,2.4886341094970703,1.9913225173950195
281,2.5646729469299316,2.0386946201324463
282,2.6121835708618164,2.0474507808685303
283,2.6725711822509766,2.0723183155059814
284,2.5754122734069824,2.0436980724334717
285,2.5975096225738525,2.0323739051818848
286,2.892301082611084,2.0802955627441406
287,2.8113601207733154,2.0628838539123535
288,2.7843093872070312,2.0777299404144287
289,2.8690240383148193,2.046302556991577
290,2.757012367248535,2.0062344074249268
291,2.770944595336914,2.0536305904388428
292,2.70029616355896,2.0386927127838135
293,2.742579460144043,2.0382049083709717
294,2.7670254707336426,2.0611789226531982
295,2.683156967163086,2.052123546600342
296,2.7264297008514404,2.098083972930908
297,2.681732416152954,2.086270570755005
298,2.7599868774414062,2.059507369995117
299,2.6852211952209473,2.05476713180542
300,2.761427402496338,2.018449068069458
301,2.8057518005371094,2.103142499923706
302,2.872452735900879,2.0997884273529053
303,2.8053343296051025,2.2017691135406494
304,2.8086395263671875,2.13352108001709
305,2.8931102752685547,2.1264472007751465
306,2.8949289321899414,2.1401968002319336
307,2.825988292694092,2.085643768310547
308,2.7404441833496094,2.0639688968658447
309,2.863551139831543,2.127000331878662
310,2.857696294784546,2.1700246334075928
311,2.7248713970184326,2.1493594646453857
312,2.8472673892974854,2.066279411315918
313,2.93697190284729,2.253171443939209
314,2.7775142192840576,2.166555881500244
315,2.7899930477142334,2.170102119445801
316,2.788097381591797,2.2245516777038574
317,2.754394054412842,2.1199052333831787
318,2.8896570205688477,2.228487253189087
319,3.081841468811035,2.236091136932373
320,2.9442200660705566,2.1799347400665283
321,2.9501919746398926,2.2327284812927246
322,2.9061319828033447,2.263154983520508
323,2.9900190830230713,2.295560836791992
324,2.9107351303100586,2.246812105178833
325,2.906651020050049,2.2419400215148926
326,2.964339256286621,2.2763125896453857
327,3.087033271789551,2.366835117340088
328,2.9915103912353516,2.3494086265563965
329,3.052570343017578,2.3840250968933105
330,3.1254520416259766,2.2595455646514893
331,3.057624578475952,2.4070563316345215
332,2.993210792541504,2.241774082183838
333,2.958101272583008,2.2581682205200195
334,2.9628448486328125,2.473201274871826
335,2.922891139984131,2.387866973876953
336,2.8151297569274902,2.2556092739105225
337,2.8806064128875732,2.343031883239746
338,2.858541965484619,2.2968878746032715
339,2.8824691772460938,2.2908565998077393
340,2.862762451171875,2.228443145751953
341,2.9326319694519043,2.3548035621643066
342,2.8660590648651123,2.3913028240203857
343,2.873157262802124,2.335219383239746
344,2.8689451217651367,2.37429141998291
345,2.772371530532837,2.342949390411377
346,2.953991413116455,2.377657890319824
347,2.9627180099487305,2.3521029949188232
348,2.912074327468872,2.3826990127563477
349,2.902773380279541,2.4100401401519775
350,2.9290990829467773,2.336595296859741
351,2.9117074012756348,2.3598721027374268
352,2.9391729831695557,2.417508840560913
353,2.7974624633789062,2.3396987915039062
354,2.9709386825561523,2.4163103103637695
355,2.9406182765960693,2.3745980262756348
356,2.902494430541992,2.3284871578216553
357,2.916457176208496,2.4403529167175293
358,2.8966219425201416,2.3526904582977295
359,2.938159465789795,2.3519368171691895
360,2.7848739624023438,2.2801566123962402
361,2.763599157333374,2.3730077743530273
362,2.7938716411590576,2.3060104846954346
363,2.8519370555877686,2.2976462841033936
364,2.8475611209869385,2.348904848098755
365,2.859522581100464,2.235142707824707
366,2.9075865745544434,2.328936815261841
367,2.8045101165771484,2.2851428985595703
368,2.9064431190490723,2.2810463905334473
369,2.9624266624450684,2.3950109481811523
370,2.8994579315185547,2.40781307220459
371,2.812180519104004,2.4200398921966553
372,2.7849109172821045,2.3114428520202637
373,2.705023765563965,2.2683446407318115
374,2.836411714553833,2.4165008068084717
375,2.755746841430664,2.248861074447632
376,2.823230266571045,2.3118815422058105
377,2.8218114376068115,2.3488378524780273
378,2.860280990600586,2.3430051803588867
379,2.886469841003418,2.3411765098571777
380,2.9163174629211426,2.3294427394866943
381,2.9248061180114746,2.337769031524658
382,2.8307173252105713,2.3239986896514893
383,2.8763906955718994,2.302849292755127
384,2.84201717376709,2.35671067237854
385,2.8385915756225586,2.249555826187134
386,2.798340082168579,2.2179932594299316
387,2.8508002758026123,2.174654006958008
388,2.8979389667510986,2.330669641494751
389,2.8447186946868896,2.2738513946533203
390,2.8585448265075684,2.2545833587646484
391,2.8263869285583496,2.303378105163574
392,2.913646697998047,2.339165210723877
393,2.809772491455078,2.2510135173797607
394,2.944279193878174,2.3745012283325195
395,2.9259910583496094,2.279179096221924
396,2.800255298614502,2.2983028888702393
397,2.7988040447235107,2.2688186168670654
398,2.853569984436035,2.2562482357025146
399,2.8907899856567383,2.3163955211639404
400,2.896807909011841,2.3213934898376465
401,2.8671646118164062,2.3310835361480713
402,2.8187479972839355,2.3323776721954346
403,2.873736619949341,2.2667996883392334
404,2.953679084777832,2.2753286361694336
405,2.987177848815918,2.3644890785217285
406,2.9166815280914307,2.3168699741363525
407,2.9026665687561035,2.320551633834839
408,2.8605175018310547,2.2948458194732666
409,2.8044724464416504,2.311204195022583
410,2.812877893447876,2.2871553897857666
411,2.7303388118743896,2.272395133972168
412,2.8952436447143555,2.309537649154663
413,2.8017654418945312,2.2351136207580566
414,2.842529773712158,2.302783966064453
415,2.8294901847839355,2.288184404373169
416,2.7721149921417236,2.2854857444763184
417,2.8388702869415283,2.168273448944092
418,2.7867250442504883,2.222775459289551
419,2.889486789703369,2.2908236980438232
420,2.665144205093384,2.2042784690856934
421,2.835557699203491,2.214301109313965
422,2.8129308223724365,2.2629196643829346
423,2.759164810180664,2.2915635108947754
424,2.8384194374084473,2.296196937561035
425,2.8000974655151367,2.3283143043518066
426,2.860405206680298,2.279261589050293
427,2.804018020629883,2.3350608348846436
428,2.7687127590179443,2.3105356693267822
429,2.7061431407928467,2.217684745788574
430,2.8192076683044434,2.381974458694458
431,2.7252585887908936,2.2747905254364014
432,2.777644395828247,2.3047683238983154
433,2.7961504459381104,2.350126028060913
434,2.7758679389953613,2.3623743057250977
435,2.7130298614501953,2.3916492462158203
436,2.8061230182647705,2.367798089981079
437,2.742887496948242,2.3692781925201416
438,2.708371639251709,2.373610496520996
439,2.8340914249420166,2.4262287616729736
440,2.6865572929382324,2.3352935314178467
441,2.6870508193969727,2.2578516006469727
442,2.640387535095215,2.288161039352417
443,2.7568202018737793,2.3511085510253906
444,2.6978108882904053,2.3168904781341553
445,2.6793019771575928,2.334737539291382
446,2.5786330699920654,2.22868013381958
447,2.645573139190674,2.243809700012207
448,2.6458945274353027,2.25757098197937
449,2.650073528289795,2.357036590576172
450,2.6210291385650635,2.270810604095459
451,2.5965023040771484,2.278623342514038
452,2.6977922916412354,2.3538339138031006
453,2.6814591884613037,2.3118793964385986
454,2.5936880111694336,2.241161823272705
455,2.598720073699951,2.2018818855285645
456,2.646805763244629,2.3165175914764404
457,2.6366043090820312,2.2650082111358643
458,2.5432627201080322,2.1688404083251953
459,2.8118999004364014,2.3082611560821533
460,2.780113697052002,2.31095814704895
461,2.680083990097046,2.2189085483551025
462,2.5697202682495117,2.1957311630249023
463,2.765000581741333,2.2490122318267822
464,2.7428512573242188,2.2659952640533447
465,2.7351911067962646,2.2783777713775635
466,2.766838550567627,2.2641313076019287
467,2.691911220550537,2.2024824619293213
468,2.870779514312744,2.2941298484802246
469,2.7267394065856934,2.2665066719055176
470,2.683400869369507,2.201155185699463
471,2.6729888916015625,2.133885145187378
472,2.563249349594116,2.084843158721924
473,2.5952024459838867,2.191410541534424
474,2.684338092803955,2.123683214187622
475,2.704618215560913,2.1543004512786865
476,2.877708911895752,2.234752893447876
477,2.64690899848938,2.2641074657440186
478,2.585578441619873,2.1697802543640137
479,2.7741427421569824,2.2116713523864746
480,2.741201877593994,2.2237706184387207
481,2.6850039958953857,2.185373067855835
482,2.7751145362854004,2.1979458332061768
483,2.7589259147644043,2.221374273300171
484,2.611978054046631,2.1740798950195312
485,2.706373691558838,2.2112250328063965
486,2.7347211837768555,2.1547770500183105
487,2.8042192459106445,2.256305456161499
488,2.740462303161621,2.252225875854492
489,2.8707220554351807,2.226135730743408
490,2.760423421859741,2.182187557220459
491,2.7953639030456543,2.185690402984619
492,2.73759126663208,2.2005484104156494
493,2.882493495941162,2.229696035385132
494,2.8467283248901367,2.179358959197998
495,2.8164103031158447,2.2191002368927
496,2.7756900787353516,2.2094428539276123
497,2.8817803859710693,2.2739734649658203
498,2.7907862663269043,2.2035281658172607
499,2.7647829055786133,2.232120990753174
500,2.6573171615600586,2.155515432357788
501,2.8156299591064453,2.2037150859832764
502,2.7966723442077637,2.200361490249634
503,2.76776385307312,2.1967225074768066
504,2.7927606105804443,2.215818405151367
505,2.6695964336395264,2.186365842819214
506,2.687983751296997,2.1520590782165527
507,2.7644033432006836,2.176642656326294
508,2.7434260845184326,2.2007856369018555
509,2.7873282432556152,2.253239870071411
510,2.7337942123413086,2.180723190307617
511,2.6477723121643066,2.188387155532837
512,2.7515368461608887,2.2442104816436768
513,2.7336385250091553,2.175330638885498
514,2.788336753845215,2.149163007736206
515,2.662170886993408,2.10982608795166
516,2.712630271911621,2.201688289642334
517,2.669342279434204,2.102497100830078
518,2.8840391635894775,2.201531410217285
519,2.930466651916504,2.2081973552703857
520,2.867814064025879,2.1806037425994873
521,2.842345714569092,2.137845754623413
522,2.7995707988739014,2.1567089557647705
523,2.8849892616271973,2.178046941757202
524,2.7890779972076416,2.1962263584136963
525,2.7896363735198975,2.192105770111084
526,2.706422805786133,2.2022690773010254
527,2.773313522338867,2.151416063308716
528,2.815135955810547,2.161386013031006
529,2.792485475540161,2.109905481338501
530,2.85430908203125,2.1617848873138428
531,2.833048105239868,2.215749979019165
532,2.756133556365967,2.082427501678467
533,2.852039098739624,2.203110456466675
534,2.7813613414764404,2.164090871810913
535,2.6040408611297607,2.1690268516540527
536,2.7503786087036133,2.113161325454712
537,2.81815242767334,2.2233335971832275
538,2.766970157623291,2.140214443206787
539,2.7979226112365723,2.1977450847625732
540,2.8032314777374268,2.226010799407959
541,2.6603100299835205,2.203245162963867
542,2.7364964485168457,2.1736161708831787
543,2.7045021057128906,2.1192002296447754
544,2.653642177581787,2.1319868564605713
545,2.760749340057373,2.130864381790161
546,2.7448666095733643,2.0960631370544434
547,2.703766345977783,2.124326229095459
548,2.7757363319396973,2.1489083766937256
549,2.5898594856262207,2.0982773303985596
550,2.727717161178589,2.161159038543701
551,2.731806755065918,2.1197142601013184
552,2.696491003036499,2.1519246101379395
553,2.7957303524017334,2.2105042934417725
554,2.772613286972046,2.1277670860290527
555,2.818697929382324,2.1240692138671875
556,2.7361865043640137,2.0732638835906982
557,2.6797542572021484,2.161990165710449
558,2.6384572982788086,2.042725086212158
559,2.611975908279419,2.070058822631836
560,2.6118907928466797,2.0383095741271973
561,2.6889703273773193,2.07926607131958
562,2.6020450592041016,2.151334762573242
563,2.6516671180725098,2.0839710235595703
564,2.5538878440856934,2.076197862625122
565,2.654655933380127,2.146773099899292
566,2.7323107719421387,2.12599515914917
567,2.5980420112609863,2.082718849182129
568,2.706259250640869,2.1147308349609375
569,2.640580892562866,2.072597026824951
570,2.7123806476593018,2.165074110031128
571,2.6188907623291016,2.11610746383667
572,2.7079544067382812,2.1614341735839844
573,2.690025806427002,2.087468385696411
574,2.646064281463623,2.110278606414795
575,2.643012046813965,2.081031560897827
576,2.700902223587036,2.081418037414551
577,2.7157933712005615,2.0999908447265625
578,2.7907955646514893,2.0725584030151367
579,2.6479392051696777,2.0566368103027344
580,2.762238025665283,2.053633451461792
581,2.6502676010131836,2.0421643257141113
582,2.7519373893737793,2.12648868560791
583,2.7023916244506836,2.0396201610565186
584,2.656857967376709,2.157546281814575
585,2.6391334533691406,2.0562121868133545
586,2.62259840965271,2.0857865810394287
587,2.5354080200195312,1.986466646194458
588,2.722001791000366,2.076570749282837
589,2.628817081451416,2.050506830215454
590,2.680781841278076,2.062739849090576
591,2.6416773796081543,2.076709747314453
592,2.5957982540130615,2.0009865760803223
593,2.65629506111145,2.1112942695617676
594,2.503901481628418,1.9748262166976929
595,2.540337324142456,1.9910082817077637
596,2.5640900135040283,1.9933953285217285
597,2.5609521865844727,2.068403720855713
598,2.557398557662964,2.0273334980010986
599,2.568204402923584,1.9969068765640259
600,2.5316355228424072,2.061511278152466
601,2.5513370037078857,1.9718739986419678
602,2.6468276977539062,2.050380229949951
603,2.657421350479126,2.0493180751800537
604,2.651130437850952,2.1547210216522217
605,2.5322043895721436,2.015997886657715
606,2.6819019317626953,2.0730884075164795
607,2.6252949237823486,2.0405592918395996
608,2.6709635257720947,2.0597102642059326
609,2.5780341625213623,2.0027427673339844
610,2.7702198028564453,2.0219616889953613
611,2.733531951904297,2.064119338989258
612,2.694021701812744,1.9823399782180786
613,2.7365033626556396,2.1007838249206543
614,2.6488094329833984,2.011892557144165
615,2.6989917755126953,2.0822901725769043
616,2.7115912437438965,2.1054279804229736
617,2.6612327098846436,2.119257926940918
618,2.5245020389556885,2.016744375228882
619,2.60798978805542,2.0890276432037354
620,2.6648826599121094,2.090700149536133
621,2.717395305633545,2.1803157329559326
622,2.593780755996704,2.066816568374634
623,2.651184320449829,2.117945432662964
624,2.4759223461151123,2.0656301975250244
625,2.628666400909424,2.121410608291626
626,2.6471805572509766,2.073615550994873
627,2.7214670181274414,2.1498796939849854
628,2.825899124145508,2.172262191772461
629,2.808518886566162,2.1992924213409424
630,2.950930118560791,2.1931610107421875
631,2.7201454639434814,2.158034324645996
632,2.8411967754364014,2.1786856651306152
633,2.849763870239258,2.121272563934326
634,2.9073309898376465,2.225985527038574
635,2.710278034210205,2.1524136066436768
636,2.8170504570007324,2.169325828552246
637,2.8866732120513916,2.203728675842285
638,2.806968927383423,2.1340384483337402
639,2.95595645904541,2.1799991130828857
640,2.910038471221924,2.1399264335632324
641,2.940244197845459,2.215884208679199
642,2.8507862091064453,2.1514878273010254
643,2.7870595455169678,2.1305904388427734
644,2.8260371685028076,2.109628438949585
645,2.881819009780884,2.2180802822113037
646,2.92574405670166,2.154768466949463
647,2.8734192848205566,2.2158827781677246
648,2.912687301635742,2.106243133544922
649,2.878718852996826,2.2217934131622314
650,2.8239006996154785,2.134121894836426
651,2.807013511657715,2.0744266510009766
652,2.903087615966797,2.208475351333618
653,2.7885076999664307,2.13399338722229
654,2.798523426055908,2.1406161785125732
655,2.7134571075439453,2.0708391666412354
656,2.722838878631592,2.0971148014068604
657,2.7051703929901123,2.1389012336730957
658,2.6114799976348877,2.0209338665008545
659,2.7825045585632324,2.2193291187286377
660,2.6984243392944336,2.097062349319458
661,2.6167073249816895,2.0869340896606445
662,2.552626609802246,2.0188517570495605
663,2.7353572845458984,2.1093552112579346
664,2.697627305984497,2.1224124431610107
665,2.707413673400879,2.1428239345550537
666,2.593977212905884,2.0534467697143555
667,2.7324817180633545,2.1178789138793945
668,2.6338448524475098,2.0846190452575684
669,2.5800251960754395,1.980721354484558
670,2.738013505935669,2.1368117332458496
671,2.5946316719055176,2.0440430641174316
672,2.5874009132385254,2.009314775466919
673,2.6004347801208496,2.066014289855957
674,2.609556198120117,1.9529991149902344
675,2.6633081436157227,2.0835068225860596
676,2.5526154041290283,1.9866786003112793
677,2.438603162765503,1.992434024810791
678,2.655341148376465,2.022341251373291
679,2.693326473236084,2.0589518547058105
680,2.759721517562866,2.0821480751037598
681,2.5916354656219482,1.9638135433197021
682,2.5862417221069336,1.9317265748977661
683,2.6521706581115723,1.979948878288269
684,2.5577290058135986,1.8899776935577393
685,2.7429771423339844,2.0308022499084473
686,2.625394344329834,2.015982151031494
687,2.6307320594787598,2.029855966567993
688,2.5011894702911377,1.9279106855392456
689,2.5772786140441895,2.0556600093841553
690,2.477015733718872,1.8506839275360107
691,2.462893009185791,1.8580447435379028
692,2.5109612941741943,1.9327051639556885
693,2.563636302947998,1.9816645383834839
694,2.4594924449920654,1.9261618852615356
695,2.538466691970825,1.924359679222107
696,2.41949725151062,1.887823224067688
697,2.3951919078826904,1.9700062274932861
698,2.4006967544555664,1.8498384952545166
699,2.3727805614471436,1.8967164754867554
700,2.46049165725708,1.9029183387756348
701,2.4030072689056396,1.965667486190796
702,2.4630398750305176,1.922585129737854
703,2.510631561279297,1.9369070529937744
704,2.4447264671325684,1.9389241933822632
705,2.484241247177124,1.8948938846588135
706,2.5395114421844482,1.8471237421035767
707,2.4528138637542725,1.9259264469146729
708,2.652343511581421,2.0325863361358643
709,2.6922202110290527,1.9842982292175293
710,2.557422161102295,1.97458815574646
711,2.6568312644958496,2.010166645050049
712,2.7139782905578613,2.0401129722595215
713,2.7268502712249756,2.075455665588379
714,2.6874101161956787,2.073245048522949
715,2.7347822189331055,2.148212194442749
716,2.7767333984375,2.105391263961792
717,2.5878045558929443,2.064770221710205
718,2.656672716140747,2.1077537536621094
719,2.6762068271636963,2.1009275913238525
720,2.7649245262145996,2.2058486938476562
721,2.686171770095825,2.1123054027557373
722,2.652669906616211,2.132293224334717
723,2.6172454357147217,2.0927188396453857
724,2.5493171215057373,2.125074863433838
725,2.6033754348754883,2.0604941844940186
726,2.5196828842163086,2.143967866897583
727,2.676809310913086,2.1741087436676025
728,2.687047243118286,2.187875747680664
729,2.60089111328125,2.1936373710632324
730,2.677577495574951,2.15238356590271
731,2.6457841396331787,2.2079854011535645
732,2.611381769180298,2.1966912746429443
733,2.6639838218688965,2.225421905517578
734,2.6501471996307373,2.1528000831604004
735,2.6389009952545166,2.169689893722534
736,2.7724056243896484,2.267134666442871
737,2.5952367782592773,2.2081360816955566
738,2.6214725971221924,2.185769557952881
739,2.6479570865631104,2.2648544311523438
740,2.6818490028381348,2.0968947410583496
741,2.7346837520599365,2.232699394226074
742,2.8627283573150635,2.2319717407226562
743,2.720700263977051,2.272120475769043
744,2.7457242012023926,2.2539422512054443
745,2.649564027786255,2.1935243606567383
746,2.5425682067871094,2.1505024433135986
747,2.645810604095459,2.1628267765045166
748,2.6839942932128906,2.124824285507202
749,2.76709246635437,2.1995468139648438
750,2.691361427307129,2.2062199115753174
751,2.73349666595459,2.1830692291259766
752,2.683051347732544,2.1786699295043945
753,2.666935920715332,2.123626470565796
754,2.6496827602386475,2.1355252265930176
755,2.6176414489746094,2.06553316116333
756,2.6602704524993896,2.1598072052001953
757,2.72981595993042,2.0918030738830566
758,2.6352479457855225,2.120969295501709
759,2.723057985305786,2.19124698638916
760,2.620048999786377,2.1085124015808105
761,2.640652656555176,2.165372133255005
762,2.685774326324463,2.129760503768921
763,2.706397533416748,2.160429000854492
764,2.749417781829834,2.1658730506896973
765,2.732581615447998,2.1848981380462646
766,2.7636990547180176,2.1541574001312256
767,2.906141757965088,2.188694477081299
768,2.6658706665039062,2.1016833782196045
769,2.743457078933716,2.084712266921997
770,2.7053160667419434,2.109309434890747
771,2.7319252490997314,2.1011931896209717
772,2.812643051147461,2.1395816802978516
773,2.6809263229370117,2.0245954990386963
774,2.694671154022217,2.0218505859375
775,2.699162483215332,2.0578317642211914
776,2.6729111671447754,2.018442392349243
777,2.7512388229370117,2.106661081314087
778,2.6916043758392334,2.050468683242798
779,2.6728243827819824,2.117729425430298
780,2.7493958473205566,2.073432683944702
781,2.7201147079467773,2.0491793155670166
782,2.7171430587768555,2.0809621810913086
783,2.7548680305480957,2.0905961990356445
784,2.6710100173950195,2.095757484436035
785,2.8477089405059814,2.21763277053833
786,2.688632011413574,2.117818832397461
787,2.8927736282348633,2.16153883934021
788,2.8579859733581543,2.1886141300201416
789,2.827493667602539,2.155912399291992
790,2.8863813877105713,2.1311585903167725
791,2.8194870948791504,2.1907846927642822
792,2.771448850631714,2.278987407684326
793,2.8182168006896973,2.1985089778900146
794,2.691884994506836,2.123910427093506
795,2.6081669330596924,2.146700620651245
796,2.5538063049316406,2.1597979068756104
797,2.6056222915649414,2.1051814556121826
798,2.594733238220215,2.105942726135254
799,2.779571056365967,2.2123303413391113
800,2.6092379093170166,2.099590301513672
801,2.626645803451538,2.0918712615966797
802,2.6668434143066406,2.1261911392211914
803,2.58500599861145,2.047253131866455
804,2.65531587600708,2.1143832206726074
805,2.6501026153564453,2.1206483840942383
806,2.562260866165161,2.0949294567108154
807,2.555863618850708,2.044541358947754
808,2.5940892696380615,2.0466182231903076
809,2.5658576488494873,2.097898244857788
810,2.7463903427124023,2.1055667400360107
811,2.6561708450317383,2.108938694000244
812,2.5722949504852295,2.0579631328582764
813,2.6981210708618164,2.0505363941192627
814,2.7143349647521973,2.2113494873046875
815,2.7111847400665283,2.1256229877471924
816,2.7216908931732178,2.2084381580352783
817,2.694009304046631,2.2332255840301514
818,2.5816802978515625,2.1327905654907227
819,2.6454508304595947,2.0915822982788086
820,2.6790237426757812,2.1117146015167236
821,2.5306191444396973,2.141583204269409
822,2.5596413612365723,2.1812477111816406
823,2.552205801010132,2.105872392654419
824,2.5783157348632812,2.1339480876922607
825,2.681082010269165,2.098050117492676
826,2.5388641357421875,2.074413537979126
827,2.6321799755096436,2.171734571456909
828,2.562901496887207,2.154920816421509
829,2.4983701705932617,2.0455431938171387
830,2.5722649097442627,2.1454765796661377
831,2.67091965675354,2.0289201736450195
832,2.529608964920044,2.12709379196167
833,2.529067039489746,2.0476298332214355
834,2.5959115028381348,2.0766513347625732
835,2.605567455291748,2.0973029136657715
836,2.516824722290039,2.059115171432495
837,2.6401262283325195,2.000032424926758
838,2.6898701190948486,2.1464693546295166
839,2.5074334144592285,2.0808968544006348
840,2.574141502380371,2.0670583248138428
841,2.6367173194885254,2.1042563915252686
842,2.521009683609009,2.1007936000823975
843,2.488926649093628,2.0340139865875244
844,2.624338388442993,2.114879608154297
845,2.629136800765991,2.1057894229888916
846,2.4406497478485107,2.0729217529296875
847,2.619873285293579,2.154398202896118
848,2.601842164993286,2.152707099914551
849,2.4786531925201416,2.031987428665161
850,2.4761180877685547,2.1492295265197754
851,2.5894906520843506,2.103933095932007
852,2.3815174102783203,2.0330493450164795
853,2.4437217712402344,1.992322564125061
854,2.6794352531433105,2.155808925628662
855,2.5542101860046387,2.095714569091797
856,2.5091288089752197,2.087125778198242
857,2.5181922912597656,2.128758430480957
858,2.595425844192505,2.192223072052002
859,2.4656476974487305,2.1347479820251465
860,2.463482141494751,2.0194480419158936
861,2.4793190956115723,2.1049177646636963
862,2.516326427459717,2.092884063720703
863,2.5938472747802734,2.1286840438842773
864,2.496987819671631,2.148312568664551
865,2.394282817840576,2.0367186069488525
866,2.515407085418701,2.1057040691375732
867,2.5195741653442383,2.022881507873535
868,2.363346815109253,2.001882314682007
869,2.4950690269470215,1.966750144958496
870,2.5447072982788086,2.071725845336914
871,2.4321963787078857,2.0079708099365234
872,2.421175718307495,2.001260995864868
873,2.5962769985198975,2.126593828201294
874,2.433725118637085,1.93832528591156
875,2.512612819671631,2.091071605682373
876,2.3605995178222656,1.9208883047103882
877,2.5108590126037598,1.9867823123931885
878,2.401174306869507,2.0117485523223877
879,2.557584047317505,2.1003599166870117
880,2.392327070236206,1.9787018299102783
881,2.5150890350341797,2.0213069915771484
882,2.52738094329834,2.0004842281341553
883,2.5383145809173584,1.9893680810928345
884,2.518629550933838,1.9716432094573975
885,2.5228500366210938,2.021322011947632
886,2.5205442905426025,2.034700393676758
887,2.460130214691162,1.9822824001312256
888,2.473177433013916,2.0333619117736816
889,2.5288379192352295,1.9895912408828735
890,2.482077121734619,1.9765809774398804
891,2.5236880779266357,1.900036334991455
892,2.5079545974731445,1.9341844320297241
893,2.54818058013916,2.0695650577545166
894,2.534937858581543,2.031376361846924
895,2.534775733947754,2.09255313873291
896,2.4240493774414062,2.0245249271392822
897,2.492467164993286,2.0225515365600586
898,2.503392219543457,1.9826068878173828
899,2.5262484550476074,1.9772491455078125
900,2.4816176891326904,1.982399821281433
901,2.428658962249756,1.9509563446044922
902,2.436886787414551,2.0241262912750244
903,2.404409885406494,1.9387106895446777
904,2.445634603500366,1.9094011783599854
905,2.4295706748962402,1.9603803157806396
906,2.4671058654785156,1.9682481288909912
907,2.398333787918091,1.897925853729248
908,2.3718910217285156,1.984357476234436
909,2.303037166595459,1.9372024536132812
910,2.434600830078125,1.9110400676727295
911,2.529425621032715,1.997087836265564
912,2.3931005001068115,1.916235327720642
913,2.492316246032715,1.9900591373443604
914,2.4554476737976074,1.885451316833496
915,2.4449775218963623,2.009894609451294
916,2.4535741806030273,1.9311383962631226
917,2.4796254634857178,1.9767032861709595
918,2.414226531982422,1.8753823041915894
919,2.4283461570739746,1.974135160446167
920,2.3483028411865234,1.9108983278274536
921,2.3948326110839844,1.914820671081543
922,2.381181240081787,1.9580433368682861
923,2.348019599914551,1.9555482864379883
924,2.3910980224609375,1.9645321369171143
925,2.3284754753112793,1.9461463689804077
926,2.471958875656128,1.9535759687423706
927,2.4341349601745605,2.0286412239074707
928,2.4539287090301514,2.048546075820923
929,2.379371166229248,2.0517091751098633
930,2.4328062534332275,2.012183427810669
931,2.5006628036499023,2.0284128189086914
932,2.4776241779327393,2.0884039402008057
933,2.4254555702209473,2.0067555904388428
934,2.426471710205078,2.0601539611816406
935,2.524977445602417,2.0497076511383057
936,2.4756040573120117,2.0098538398742676
937,2.4640519618988037,2.0290768146514893
938,2.60396671295166,2.0154550075531006
939,2.499746322631836,1.994361162185669
940,2.4520232677459717,2.023597002029419
941,2.4865264892578125,2.0127487182617188
942,2.5380003452301025,2.0189008712768555
943,2.5413875579833984,2.0544323921203613
944,2.6089212894439697,2.0375888347625732
945,2.515956401824951,2.055737018585205
946,2.5077550411224365,2.0786783695220947
947,2.612407684326172,2.110612154006958
948,2.6301655769348145,2.1101455688476562
949,2.5565271377563477,2.1447675228118896
950,2.6660051345825195,2.086841583251953
951,2.6190109252929688,2.0973150730133057
952,2.65579891204834,2.144212484359741
953,2.625142812728882,2.03956937789917
954,2.6848971843719482,2.1716115474700928
955,2.685168743133545,2.105781316757202
956,2.5956897735595703,2.152097702026367
957,2.697579860687256,2.1980788707733154
958,2.592819929122925,2.11478328704834
959,2.7545228004455566,2.2008166313171387
960,2.681703805923462,2.230142116546631
961,2.7350668907165527,2.200218677520752
962,2.6893019676208496,2.248497247695923
963,2.6681838035583496,2.1867475509643555
964,2.760432481765747,2.2473127841949463
965,2.66780686378479,2.1454861164093018
966,2.798234462738037,2.2816789150238037
967,2.749746561050415,2.1967599391937256
968,2.787571668624878,2.126549243927002
969,2.761246919631958,2.23976469039917
970,2.794170618057251,2.1946377754211426
971,2.7901699542999268,2.137287139892578
972,2.721994400024414,2.1969656944274902
973,2.869469165802002,2.2325260639190674
974,2.838474750518799,2.2355246543884277
975,2.8180947303771973,2.238438844680786
976,2.8179781436920166,2.289321184158325
977,2.7287955284118652,2.203900098800659
978,2.8710811138153076,2.2318050861358643
979,2.802318811416626,2.2269747257232666
980,2.694408893585205,2.1964471340179443
981,2.779876708984375,2.17587947845459
982,2.806415557861328,2.2275588512420654
983,2.8046669960021973,2.2747724056243896
984,2.8828318119049072,2.2953476905822754
985,2.7933526039123535,2.1979169845581055
986,2.7986578941345215,2.2838096618652344
987,2.874894142150879,2.225003957748413
988,2.716449737548828,2.183769702911377
989,2.7546184062957764,2.205902576446533
990,2.747323513031006,2.202554225921631
991,2.911757469177246,2.1971094608306885
992,2.742274284362793,2.1821208000183105
993,2.706869125366211,2.1658201217651367
994,2.8814587593078613,2.1968719959259033
995,2.8448750972747803,2.1602039337158203
996,2.8211097717285156,2.182781457901001
997,2.8490962982177734,2.1927297115325928
998,2.8098459243774414,2.199575424194336
999,2.727781057357788,2.1465723514556885
1000,2.7939486503601074,2.0992681980133057
1001,2.7848401069641113,2.1910858154296875
1002,2.9702982902526855,2.263014078140259
1003,2.815246343612671,2.219820737838745
1004,2.800384283065796,2.2038166522979736
1005,2.892958641052246,2.2303993701934814
1006,2.899611234664917,2.2140848636627197
1007,2.8928327560424805,2.1869993209838867
1008,2.889172077178955,2.30409836769104
1009,2.8512563705444336,2.2250306606292725
1010,2.848893165588379,2.227160930633545
1011,2.8652396202087402,2.1979448795318604
1012,2.9602174758911133,2.187642812728882
1013,2.9521713256835938,2.271881103515625
1014,2.8927714824676514,2.3100171089172363
1015,2.9720120429992676,2.302467107772827
1016,2.9225995540618896,2.219085931777954
1017,3.006021499633789,2.334641456604004
1018,2.929666519165039,2.2256429195404053
1019,2.890650749206543,2.2812187671661377
1020,2.9539809226989746,2.248671293258667
1021,2.9123353958129883,2.233315944671631
1022,3.0211739540100098,2.314873218536377
1023,2.8886172771453857,2.2794735431671143
1024,3.020974636077881,2.2984654903411865
1025,2.952989101409912,2.3355789184570312
1026,2.9925196170806885,2.2694029808044434
1027,2.9222919940948486,2.363147020339966
1028,2.932152509689331,2.291194200515747
1029,2.9756340980529785,2.3423924446105957
1030,2.9901633262634277,2.3417727947235107
1031,2.9128448963165283,2.382936954498291
1032,2.827577590942383,2.2992470264434814
1033,2.9314675331115723,2.355755567550659
1034,2.984978675842285,2.3406364917755127
1035,2.9643490314483643,2.3189547061920166
1036,2.9289591312408447,2.3628368377685547
1037,2.997486114501953,2.385573387145996
1038,2.978541612625122,2.391115427017212
1039,2.9214730262756348,2.3452537059783936
1040,2.911243200302124,2.2928383350372314
1041,3.018120527267456,2.4188830852508545
1042,2.929056167602539,2.333648920059204
1043,2.8187801837921143,2.3071300983428955
1044,2.9300005435943604,2.30351185798645
1045,2.929856777191162,2.2933759689331055
1046,2.8381667137145996,2.3164288997650146
1047,2.8727571964263916,2.3244476318359375
1048,2.831284999847412,2.286240339279175
1049,2.8819785118103027,2.371866226196289
1050,2.875659942626953,2.3087825775146484
1051,2.7749083042144775,2.326815366744995
1052,2.898646354675293,2.339798927307129
1053,2.781700849533081,2.2800838947296143
1054,2.8305392265319824,2.3031296730041504
1055,2.883742094039917,2.3137311935424805
1056,2.73433256149292,2.280561685562134
1057,2.703688383102417,2.294588088989258
1058,2.7613279819488525,2.254751443862915
1059,2.700418472290039,2.3080554008483887
1060,2.737474203109741,2.269681692123413
1061,2.672743082046509,2.163888692855835
1062,2.6537821292877197,2.2292356491088867
1063,2.650339126586914,2.156687021255493
1064,2.711019277572632,2.194002628326416
1065,2.582662582397461,2.0541183948516846
1066,2.577352523803711,2.0951101779937744
1067,2.694829225540161,2.1704115867614746
1068,2.748640775680542,2.1719515323638916
1069,2.6139473915100098,2.166685104370117
1070,2.7769994735717773,2.167710065841675
1071,2.703263998031616,2.1436514854431152
1072,2.600092887878418,2.0642008781433105
1073,2.5447115898132324,2.0441057682037354
1074,2.6129701137542725,2.0679564476013184
1075,2.552161455154419,2.101928472518921
1076,2.583751916885376,2.0946199893951416
1077,2.5387465953826904,2.150362253189087
1078,2.5416269302368164,2.0665836334228516
1079,2.378355026245117,2.103477954864502
1080,2.397186756134033,1.99478018283844
1081,2.3852412700653076,2.0390543937683105
1082,2.38809871673584,1.9944303035736084
1083,2.342280626296997,1.9347184896469116
1084,2.4174368381500244,2.025494337081909
1085,2.4391326904296875,2.0227537155151367
1086,2.368783712387085,2.0211234092712402
1087,2.31964111328125,1.906668782234192
1088,2.4766323566436768,2.0052638053894043
1089,2.4397506713867188,2.01827073097229
1090,2.409487247467041,1.9880576133728027
1091,2.3367300033569336,2.0048792362213135
1092,2.289254903793335,1.9775667190551758
1093,2.304953098297119,1.9493181705474854
1094,2.4209420680999756,1.8940038681030273
1095,2.335144519805908,1.9542052745819092
1096,2.3471343517303467,1.9300261735916138
1097,2.421215772628784,2.0261263847351074
1098,2.404101610183716,1.91007661819458
1099,2.427125930786133,1.9491350650787354
1100,2.5273184776306152,1.945414662361145
1101,2.604832649230957,1.9815635681152344
1102,2.564523220062256,1.9626705646514893
1103,2.507434844970703,1.9326238632202148
1104,2.6265196800231934,2.0984790325164795
1105,2.5427966117858887,1.9890296459197998
1106,2.443885564804077,2.0051183700561523
1107,2.5320301055908203,1.9679234027862549
1108,2.5591495037078857,2.034836530685425
1109,2.50964617729187,2.0558979511260986
1110,2.5684328079223633,2.047322988510132
1111,2.4366092681884766,2.0838005542755127
1112,2.477863311767578,2.014462947845459
1113,2.494098663330078,2.0180182456970215
1114,2.399129867553711,2.014516592025757
1115,2.5104825496673584,2.0622425079345703
1116,2.5168981552124023,2.0486693382263184
1117,2.6154632568359375,2.1303913593292236
1118,2.5736424922943115,2.100999355316162
1119,2.646519660949707,2.078557252883911
1120,2.6924867630004883,2.182279586791992
1121,2.6465368270874023,2.098921537399292
1122,2.616870880126953,2.115567684173584
1123,2.541175127029419,2.0410468578338623
1124,2.6351494789123535,2.081165313720703
1125,2.4823036193847656,1.977888822555542
1126,2.5366947650909424,2.075157642364502
1127,2.6344902515411377,2.0357258319854736
1128,2.6410274505615234,2.0663301944732666
1129,2.575260639190674,2.031235694885254
1130,2.6028590202331543,2.0595357418060303
1131,2.569748878479004,2.0630650520324707
1132,2.5963096618652344,1.9942272901535034
1133,2.6137924194335938,2.1304073333740234
1134,2.6935644149780273,2.1195790767669678
1135,2.7103846073150635,2.082162380218506
1136,2.656900405883789,2.113247871398926
1137,2.6407675743103027,2.085487127304077
1138,2.5699729919433594,2.023728132247925
1139,2.5183568000793457,2.0414655208587646
1140,2.558015823364258,2.0345146656036377
1141,2.582414150238037,2.0886242389678955
1142,2.58823561668396,2.0844814777374268
1143,2.6376118659973145,2.0925188064575195
1144,2.6111621856689453,2.108724355697632
1145,2.616304397583008,2.1696462631225586
1146,2.522697925567627,2.030165672302246
1147,2.51357364654541,2.062274694442749
1148,2.4920496940612793,1.984195590019226
1149,2.5720067024230957,2.0924715995788574
1150,2.6309144496917725,2.033266067504883
1151,2.646432399749756,2.1537094116210938
1152,2.50323224067688,2.003826379776001
1153,2.5981130599975586,2.0425546169281006
1154,2.6790292263031006,2.065502882003784
1155,2.705061435699463,2.095966339111328
1156,2.6094865798950195,2.035079002380371
1157,2.5310215950012207,2.041358709335327
1158,2.7520968914031982,2.0320234298706055
1159,2.73524808883667,2.0863654613494873
1160,2.6291065216064453,2.0673203468322754
1161,2.6493499279022217,2.064084529876709
1162,2.695009708404541,2.0184521675109863
1163,2.745668888092041,2.035292387008667
1164,2.6976780891418457,2.054187059402466
1165,2.67309832572937,2.0552568435668945
1166,2.6394171714782715,2.0373175144195557
1167,2.736624240875244,2.067880153656006
1168,2.6435701847076416,1.978217601776123
1169,2.7038776874542236,2.0446887016296387
1170,2.7056143283843994,2.0222511291503906
1171,2.802964687347412,2.0878536701202393
1172,2.7376391887664795,2.0030081272125244
1173,2.784369945526123,2.101940155029297
1174,2.781914710998535,2.1120901107788086
1175,2.6884067058563232,2.097337245941162
1176,2.7585301399230957,2.121274709701538
1177,2.7897424697875977,2.1006832122802734
1178,2.7385334968566895,2.1224262714385986
1179,2.6783971786499023,2.0087571144104004
1180,2.6816821098327637,2.0098941326141357
1181,2.800264596939087,2.1074461936950684
1182,2.7622737884521484,2.094698429107666
1183,2.811295509338379,2.1087615489959717
1184,2.7607760429382324,2.112257957458496
1185,2.716559648513794,2.0537986755371094
1186,2.7919678688049316,2.1286745071411133
1187,2.8533589839935303,2.1456923484802246
1188,2.901531457901001,2.091705083847046
1189,2.733574628829956,2.070944309234619
1190,2.9171338081359863,2.1723597049713135
1191,2.776674270629883,2.098832368850708
1192,2.7744624614715576,2.1485137939453125
1193,2.8093361854553223,2.148768186569214
1194,2.658554792404175,2.0507168769836426
1195,2.78989839553833,2.079031229019165
1196,2.760741949081421,2.1064023971557617
1197,2.628687858581543,2.1315057277679443
1198,2.6471006870269775,2.074549674987793
1199,2.6484243869781494,2.083672046661377
1200,2.761871099472046,2.230550765991211
1201,2.7005648612976074,2.1859304904937744
1202,2.776914596557617,2.2596828937530518
1203,2.6107358932495117,2.135094165802002
1204,2.726076364517212,2.1562492847442627
1205,2.7653627395629883,2.271001100540161
1206,2.574885129928589,2.134012222290039
1207,2.6366114616394043,2.1003899574279785
1208,2.704930543899536,2.114225149154663
1209,2.6873655319213867,2.1818108558654785
1210,2.5450592041015625,2.0398964881896973
1211,2.6569550037384033,2.1158719062805176
1212,2.6675586700439453,2.1157495975494385
1213,2.588876962661743,2.1249470710754395
1214,2.670034170150757,2.0707168579101562
1215,2.6770811080932617,2.156761646270752
1216,2.7654340267181396,2.1777327060699463
1217,2.674075126647949,2.185473918914795
1218,2.6296396255493164,2.1886184215545654
1219,2.598604917526245,2.0210134983062744
1220,2.6855788230895996,2.190192699432373
1221,2.492671251296997,2.1038637161254883
1222,2.5920138359069824,2.1102311611175537
1223,2.499567985534668,2.084740400314331
1224,2.5684032440185547,2.041466236114502
1225,2.530592918395996,2.0747220516204834
1226,2.5353596210479736,2.041630268096924
1227,2.4877350330352783,2.0181448459625244
1228,2.4734396934509277,2.048678398132324
1229,2.562605857849121,2.0817666053771973
1230,2.574822187423706,2.1062912940979004
1231,2.5132927894592285,2.0995936393737793
1232,2.483962297439575,2.006427049636841
1233,2.5425634384155273,2.1038122177124023
1234,2.592700481414795,2.05607271194458
1235,2.6416573524475098,2.1469032764434814
1236,2.592197895050049,2.0605974197387695
1237,2.6129698753356934,2.1142687797546387
1238,2.6506869792938232,2.1378660202026367
1239,2.669649124145508,2.137220859527588
1240,2.6418473720550537,2.129014253616333
1241,2.705287218093872,2.129713773727417
1242,2.6920289993286133,2.1116421222686768
1243,2.6552000045776367,2.0927767753601074
1244,2.703230857849121,2.1805686950683594
1245,2.7703959941864014,2.139251470565796
1246,2.66558837890625,2.069476842880249
1247,2.7451324462890625,2.129683494567871
1248,2.7666711807250977,2.0921761989593506
1249,2.8233718872070312,2.182952404022217
1250,2.715013265609741,2.118762969970703
1251,2.8068020343780518,2.1097915172576904
1252,2.8083791732788086,2.173243522644043
1253,2.777557611465454,2.2401652336120605
1254,2.8922464847564697,2.22908878326416
1255,2.7234199047088623,2.180480480194092
1256,2.763216495513916,2.153228521347046
1257,2.802053689956665,2.152496814727783
1258,2.765855550765991,2.1918914318084717
1259,2.6470422744750977,2.105544328689575
1260,2.6587889194488525,2.12677264213562
1261,2.6541213989257812,2.1655871868133545
1262,2.816929817199707,2.124467372894287
1263,2.8490583896636963,2.19124698638916
1264,3.027207851409912,2.190509080886841
1265,2.8842711448669434,2.2542407512664795
1266,2.8300039768218994,2.175645589828491
1267,2.8935670852661133,2.3201286792755127
1268,2.8964080810546875,2.2032217979431152
1269,2.921416759490967,2.2431020736694336
1270,2.8956539630889893,2.2217459678649902
1271,2.944194793701172,2.3574647903442383
1272,2.837444305419922,2.266918897628784
1273,2.9947171211242676,2.3366408348083496
1274,2.9823663234710693,2.248706817626953
1275,2.966709852218628,2.2414870262145996
1276,3.000715970993042,2.3487486839294434
1277,2.896543502807617,2.274214029312134
1278,2.864593982696533,2.287341356277466
1279,2.9708309173583984,2.280055046081543
1280,2.8737869262695312,2.2896525859832764
1281,2.8293235301971436,2.308866024017334
1282,2.8648109436035156,2.3501977920532227
1283,2.9407050609588623,2.3491973876953125
1284,3.0244739055633545,2.379793882369995
1285,2.928209066390991,2.355022668838501
1286,2.8700459003448486,2.377502202987671
1287,2.892488479614258,2.3178606033325195
1288,2.9186220169067383,2.3180830478668213
1289,2.837507486343384,2.3613479137420654
1290,2.9089858531951904,2.2615625858306885
1291,2.828587293624878,2.3251781463623047
1292,2.8934810161590576,2.3595097064971924
1293,2.9613633155822754,2.3293380737304688
1294,2.886720895767212,2.3721210956573486
1295,2.8956680297851562,2.300011157989502
1296,2.787917137145996,2.2820682525634766
1297,2.8364250659942627,2.376286268234253
1298,3.110563278198242,2.3903207778930664
1299,3.091597318649292,2.4586381912231445
1300,2.9018406867980957,2.2899112701416016
1301,2.9622106552124023,2.3455538749694824
1302,2.95274019241333,2.330993413925171
1303,2.9028139114379883,2.2451846599578857
1304,2.978808879852295,2.3485610485076904
1305,2.922959089279175,2.349454641342163
1306,3.053569793701172,2.337466239929199
1307,3.0400567054748535,2.3134517669677734
1308,3.04461407661438,2.3081743717193604
1309,2.9371325969696045,2.2842116355895996
1310,3.0849673748016357,2.430722951889038
1311,3.113490581512451,2.3931384086608887
1312,3.000265598297119,2.3933634757995605
1313,2.9473819732666016,2.420302629470825
1314,3.0071849822998047,2.379769802093506
1315,2.9140260219573975,2.3226680755615234
1316,3.0272483825683594,2.436307668685913
1317,2.9613940715789795,2.4017527103424072
1318,2.939901828765869,2.422030448913574
1319,3.0280518531799316,2.4349730014801025
1320,2.963003396987915,2.4429073333740234
1321,2.8980445861816406,2.427053213119507
1322,3.137403964996338,2.447098970413208
1323,3.0003364086151123,2.453209161758423
1324,2.8137173652648926,2.3266043663024902
1325,2.9736366271972656,2.367138385772705
1326,2.9798240661621094,2.4182701110839844
1327,3.049593448638916,2.429368019104004
1328,3.087897300720215,2.4405581951141357
1329,3.002650499343872,2.474996566772461
1330,2.9772307872772217,2.4716079235076904
1331,3.0142104625701904,2.444674253463745
1332,3.0338802337646484,2.453566551208496
1333,2.941575288772583,2.422226667404175
1334,2.8444716930389404,2.3463847637176514
1335,2.9761595726013184,2.4515836238861084
1336,2.96634578704834,2.499922275543213
1337,2.859269857406616,2.3732333183288574
1338,2.915565252304077,2.446942090988159
1339,3.049609661102295,2.472503662109375
1340,3.032275676727295,2.490229845046997
1341,3.027083158493042,2.502131700515747
1342,2.9550728797912598,2.405914545059204
1343,2.911472797393799,2.4662277698516846
1344,2.8685896396636963,2.3964312076568604
1345,2.875681161880493,2.4637980461120605
1346,2.964743137359619,2.4785850048065186
1347,2.89469838142395,2.4430007934570312
1348,2.8693063259124756,2.461671829223633
1349,2.8548197746276855,2.4894320964813232
1350,2.7943973541259766,2.4203336238861084
1351,2.829099655151367,2.458950996398926
1352,3.045109987258911,2.460930109024048
1353,2.930600643157959,2.4325971603393555
1354,2.8666112422943115,2.363828659057617
1355,3.0341663360595703,2.4900894165039062
1356,2.9950170516967773,2.457106113433838
1357,3.100205898284912,2.4340453147888184
1358,3.151679277420044,2.417747735977173
1359,3.1219747066497803,2.4556524753570557
1360,3.0578536987304688,2.4299254417419434
1361,3.052440643310547,2.42805814743042
1362,3.1772947311401367,2.435244083404541
1363,3.108795642852783,2.492018699645996
1364,3.07482647895813,2.375175714492798
1365,3.0964083671569824,2.3975830078125
1366,3.081902265548706,2.365804433822632
1367,3.0187795162200928,2.3360438346862793
1368,3.09751033782959,2.424177408218384
1369,3.0327296257019043,2.325831651687622
1370,3.1601481437683105,2.475308656692505
1371,3.0528955459594727,2.3487117290496826
1372,3.024442672729492,2.290642261505127
1373,3.0166587829589844,2.360995292663574
1374,3.044893264770508,2.2178497314453125
1375,3.0401968955993652,2.3144497871398926
1376,2.9188427925109863,2.299783945083618
1377,3.0157132148742676,2.432382822036743
1378,2.832435369491577,2.248028516769409
1379,2.9382669925689697,2.3037116527557373
1380,2.8758106231689453,2.2210476398468018
1381,2.9307498931884766,2.2796993255615234
1382,2.912627696990967,2.2795677185058594
1383,2.874112606048584,2.2089223861694336
1384,2.838015556335449,2.278641700744629
1385,2.866945743560791,2.250230073928833
1386,2.8230350017547607,2.1875367164611816
1387,2.8471131324768066,2.2527358531951904
1388,2.890800952911377,2.2314951419830322
1389,2.803910732269287,2.240534543991089
1390,2.8287365436553955,2.2424073219299316
1391,2.8899056911468506,2.2916040420532227
1392,2.8349969387054443,2.276576519012451
1393,2.8858251571655273,2.2430496215820312
1394,2.8873064517974854,2.249384880065918
1395,2.8795783519744873,2.2812538146972656
1396,2.8679146766662598,2.2786598205566406
1397,2.928342342376709,2.335724353790283
1398,2.830335855484009,2.1721105575561523
1399,2.8321025371551514,2.2823331356048584
1400,2.8417041301727295,2.2932801246643066
1401,2.8245160579681396,2.3191568851470947
1402,2.9045848846435547,2.281116008758545
1403,3.0509729385375977,2.3946096897125244
1404,2.8633241653442383,2.2674970626831055
1405,2.8807902336120605,2.4624857902526855
1406,2.8927810192108154,2.2612500190734863
1407,2.818349599838257,2.348736047744751
1408,2.8661208152770996,2.2648019790649414
1409,2.751549243927002,2.3135077953338623
1410,2.8387293815612793,2.230844020843506
1411,2.900869131088257,2.33516526222229
1412,2.857130765914917,2.313455820083618
1413,2.9661948680877686,2.4241085052490234
1414,2.860764503479004,2.303621292114258
1415,2.865478515625,2.3461365699768066
1416,2.8630170822143555,2.302222967147827
1417,2.8772072792053223,2.3445675373077393
1418,2.9248645305633545,2.35956072807312
1419,2.8902482986450195,2.3635361194610596
1420,2.8448405265808105,2.3199706077575684
1421,2.889852285385132,2.3322770595550537
1422,2.804220199584961,2.24777889251709
1423,2.8788533210754395,2.3103785514831543
1424,2.8777458667755127,2.3288450241088867
1425,2.831336498260498,2.3032140731811523
1426,2.8106939792633057,2.3033030033111572
1427,2.874284029006958,2.2968289852142334
1428,2.843655824661255,2.389533281326294
1429,2.814549207687378,2.2094671726226807
1430,2.785679340362549,2.3471736907958984
1431,2.8158411979675293,2.242924213409424
1432,2.7564806938171387,2.270268201828003
1433,2.8338546752929688,2.2015225887298584
1434,2.8189899921417236,2.267103910446167
1435,2.8215086460113525,2.229750633239746
1436,2.8930654525756836,2.28951096534729
1437,2.962566375732422,2.248584508895874
1438,3.0753841400146484,2.3214221000671387
1439,2.86808443069458,2.246332883834839
1440,2.927340269088745,2.2627153396606445
1441,2.882544994354248,2.2591021060943604
1442,2.856189250946045,2.2107064723968506
1443,2.876230239868164,2.299668073654175
1444,2.927501678466797,2.247987985610962
1445,2.8884449005126953,2.224210262298584
1446,2.87642765045166,2.2523977756500244
1447,2.7569518089294434,2.2067372798919678
1448,2.770007610321045,2.2938766479492188
1449,2.758546829223633,2.18845796585083
1450,2.919733762741089,2.200793504714966
1451,2.8225045204162598,2.199927568435669
1452,2.938612222671509,2.27766752243042
1453,2.917954444885254,2.2445218563079834
1454,2.8062877655029297,2.2143216133117676
1455,2.8204896450042725,2.1437246799468994
1456,2.795552968978882,2.1793811321258545
1457,2.9216103553771973,2.2448766231536865
1458,2.8102946281433105,2.2037553787231445
1459,2.8814377784729004,2.257054567337036
1460,2.9298012256622314,2.301093101501465
1461,2.9066691398620605,2.396545171737671
1462,2.8875911235809326,2.3479137420654297
1463,2.842974901199341,2.314809799194336
1464,2.844621181488037,2.3703298568725586
1465,2.7782979011535645,2.2416672706604004
1466,2.874159812927246,2.2790043354034424
1467,2.8513622283935547,2.2216951847076416
1468,2.816128730773926,2.2647922039031982
1469,2.851877212524414,2.2808680534362793
1470,2.8219847679138184,2.304672956466675
1471,2.711533546447754,2.214953899383545
1472,2.7048263549804688,2.275702476501465
1473,2.766921043395996,2.1852283477783203
1474,2.767745018005371,2.3151042461395264
1475,2.935147285461426,2.2863759994506836
1476,2.8592324256896973,2.2610182762145996
1477,2.776881456375122,2.1888134479522705
1478,2.8449103832244873,2.2779769897460938
1479,2.8366854190826416,2.2186410427093506
1480,2.766937255859375,2.226200819015503
1481,2.772509813308716,2.2374165058135986
1482,2.738410472869873,2.181065320968628
1483,2.713742971420288,2.1932733058929443
1484,2.747349739074707,2.1945247650146484
1485,2.678431510925293,2.125669240951538
1486,2.67724871635437,2.131474256515503
1487,2.659414052963257,2.1242494583129883
1488,2.6621158123016357,2.1280837059020996
1489,2.5452749729156494,2.1062405109405518
1490,2.6631252765655518,2.0917508602142334
1491,2.672569990158081,2.1039438247680664
1492,2.553907871246338,1.9924049377441406
1493,2.566922187805176,2.039890766143799
1494,2.5904266834259033,2.10748553276062
1495,2.5608911514282227,2.0712080001831055
1496,2.4888925552368164,2.038144588470459
1497,2.507237195968628,2.108340263366699
1498,2.534670114517212,2.0692737102508545
1499,2.4810736179351807,2.0501656532287598
1500,2.4979026317596436,1.9760558605194092
1501,2.5115580558776855,2.0250439643859863
1502,2.424198627471924,2.021440029144287
1503,2.3992812633514404,1.9601788520812988
1504,2.461029291152954,2.014896869659424
1505,2.4387900829315186,1.9081525802612305
1506,2.491964340209961,2.045496702194214
1507,2.4804506301879883,2.0033998489379883
1508,2.383909225463867,1.9843919277191162
1509,2.4904561042785645,1.9660836458206177
1510,2.441802501678467,1.895253300666809
1511,2.4206438064575195,1.9756407737731934
1512,2.4279141426086426,1.9424726963043213
1513,2.4163599014282227,2.0015249252319336
1514,2.395838499069214,1.988350510597229
1515,2.3383939266204834,1.8619111776351929
1516,2.4233057498931885,1.9564411640167236
1517,2.4119107723236084,1.9300713539123535
1518,2.463571071624756,2.030125379562378
1519,2.492722988128662,1.9651590585708618
1520,2.4469480514526367,1.9184484481811523
1521,2.572471857070923,1.9828213453292847
1522,2.4483726024627686,1.9318547248840332
1523,2.482250213623047,1.9334694147109985
1524,2.3803248405456543,1.9656089544296265
1525,2.3881118297576904,1.9446581602096558
1526,2.5540666580200195,1.9745945930480957
1527,2.420764446258545,1.9567539691925049
1528,2.522184133529663,1.9996873140335083
1529,2.480334997177124,2.0642857551574707
1530,2.519670248031616,1.989205241203308
1531,2.3641529083251953,2.0158731937408447
1532,2.4600882530212402,1.8997138738632202
1533,2.4045751094818115,1.9903204441070557
1534,2.412017583847046,1.9070369005203247
1535,2.4823975563049316,2.0244758129119873
1536,2.411755323410034,1.951616883277893
1537,2.3036882877349854,1.975832462310791
1538,2.46681809425354,1.9850929975509644
1539,2.3521881103515625,1.9199912548065186
1540,2.379955768585205,1.9279683828353882
1541,2.483459711074829,1.9619078636169434
1542,2.411921262741089,1.9699050188064575
1543,2.3979315757751465,1.9547021389007568
1544,2.380908489227295,1.9789210557937622
1545,2.371870994567871,1.8977103233337402
1546,2.363284111022949,1.9234665632247925
1547,2.504420280456543,1.9913957118988037
1548,2.314777135848999,1.8610812425613403
1549,2.370682954788208,1.9000506401062012
1550,2.408992290496826,1.9973300695419312
1551,2.295880079269409,1.936855435371399
1552,2.2677218914031982,1.9106433391571045
1553,2.3861069679260254,1.8972141742706299
1554,2.3667173385620117,1.8833684921264648
1555,2.390672445297241,1.8691591024398804
1556,2.4062881469726562,1.9791717529296875
1557,2.376603364944458,1.8868162631988525
1558,2.463407516479492,1.9681106805801392
1559,2.350019693374634,1.9343522787094116
1560,2.331073045730591,1.9368995428085327
1561,2.469904899597168,1.9276022911071777
1562,2.3842620849609375,1.996260166168213
1563,2.330674886703491,1.9296272993087769
1564,2.3674094676971436,1.885983943939209
1565,2.461822509765625,1.9516452550888062
1566,2.4521982669830322,1.9252573251724243
1567,2.4974071979522705,1.9976763725280762
1568,2.471548557281494,1.9519150257110596
1569,2.4842100143432617,2.023754596710205
1570,2.432131767272949,1.9641231298446655
1571,2.407878875732422,1.8338067531585693
1572,2.4559736251831055,1.9115642309188843
1573,2.532205104827881,1.9029721021652222
1574,2.4173061847686768,1.8638660907745361
1575,2.5646417140960693,1.9622321128845215
1576,2.4610397815704346,1.9368205070495605
1577,2.4463329315185547,1.898856520652771
1578,2.494040012359619,1.8616242408752441
1579,2.3020505905151367,1.8248157501220703
1580,2.4428138732910156,1.915199637413025
1581,2.359689235687256,1.8885999917984009
1582,2.4538075923919678,1.8473374843597412
1583,2.366271495819092,1.8628848791122437
1584,2.414015054702759,1.893947958946228
1585,2.2796456813812256,1.7723701000213623
1586,2.3597331047058105,1.8091977834701538
1587,2.424055576324463,1.7917466163635254
1588,2.3786120414733887,1.788547158241272
1589,2.3269479274749756,1.7628768682479858
1590,2.3708577156066895,1.778361439704895
1591,2.3540706634521484,1.8717817068099976
1592,2.471843957901001,1.902037262916565
1593,2.264098882675171,1.8092339038848877
1594,2.2953550815582275,1.7926450967788696
1595,2.340662956237793,1.841223955154419
1596,2.2675464153289795,1.8480470180511475
1597,2.37226939201355,1.7980890274047852
1598,2.3074750900268555,1.8184585571289062
1599,2.2255852222442627,1.8296198844909668
1600,2.2935948371887207,1.8264634609222412
1601,2.2803571224212646,1.8545585870742798
1602,2.333148956298828,1.824519395828247
1603,2.310352325439453,1.861405372619629
1604,2.416682720184326,1.8824825286865234
1605,2.4686620235443115,1.880153775215149
1606,2.4694032669067383,1.926762342453003
1607,2.5014898777008057,1.9534533023834229
1608,2.492703914642334,1.9291173219680786
1609,2.4596457481384277,1.9713994264602661
1610,2.5201289653778076,2.028061866760254
1611,2.4794294834136963,1.9582840204238892
1612,2.564502000808716,1.9490805864334106
1613,2.555835723876953,1.9102296829223633
1614,2.521862506866455,1.967818260192871
1615,2.6292619705200195,2.0030417442321777
1616,2.578425168991089,2.019531488418579
1617,2.6104042530059814,2.0100531578063965
1618,2.644223690032959,2.036748170852661
1619,2.628981113433838,2.066354751586914
1620,2.711042881011963,2.0971662998199463
1621,2.652730941772461,2.06088924407959
1622,2.7555558681488037,2.1090505123138428
1623,2.696613073348999,2.068941831588745
1624,2.6486916542053223,2.1300251483917236
1625,2.5976755619049072,2.0773138999938965
1626,2.6577985286712646,2.0828933715820312
1627,2.6798510551452637,2.2026710510253906
1628,2.7544002532958984,2.2355098724365234
1629,2.7014780044555664,2.1506550312042236
1630,2.7789883613586426,2.2006428241729736
1631,2.7125115394592285,2.1619043350219727
1632,2.8088598251342773,2.2362077236175537
1633,2.823847532272339,2.1490230560302734
1634,2.8279049396514893,2.2550461292266846
1635,2.9311041831970215,2.3277413845062256
1636,2.894350290298462,2.2532293796539307
1637,2.856292486190796,2.318535566329956
1638,2.802384376525879,2.278818130493164
1639,2.6732254028320312,2.2418572902679443
1640,2.8930015563964844,2.313203811645508
1641,2.8519272804260254,2.2932236194610596
1642,2.8856213092803955,2.318657636642456
1643,2.807370662689209,2.251325845718384
1644,2.805659532546997,2.227384090423584
1645,2.811204195022583,2.2640435695648193
1646,2.8164610862731934,2.3502297401428223
1647,2.8871700763702393,2.294877529144287
1648,2.8996047973632812,2.302290439605713
1649,2.909968137741089,2.3345046043395996
1650,3.034736394882202,2.358083724975586
1651,2.959726333618164,2.3049533367156982
1652,2.886420488357544,2.3391048908233643
1653,2.9023680686950684,2.288149118423462
1654,2.9493966102600098,2.2861649990081787
1655,2.8668954372406006,2.362494945526123
1656,2.9682235717773438,2.3854029178619385
1657,3.016666889190674,2.40022873878479
1658,2.7939436435699463,2.2836248874664307
1659,2.9045357704162598,2.384483575820923
1660,2.824446201324463,2.2774407863616943
1661,2.901984214782715,2.223627805709839
1662,2.911348819732666,2.3796699047088623
1663,2.979799747467041,2.3625733852386475
1664,2.913208246231079,2.365206241607666
1665,2.918325901031494,2.2899653911590576
1666,3.0146031379699707,2.310950994491577
1667,2.9891505241394043,2.441499948501587
1668,2.926900863647461,2.3566508293151855
1669,2.8661091327667236,2.3006482124328613
1670,2.8652124404907227,2.2696032524108887
1671,2.908616065979004,2.318408250808716
1672,2.900522232055664,2.378599166870117
1673,2.817427158355713,2.3398494720458984
1674,2.891956090927124,2.357603073120117
1675,2.803325891494751,2.317720413208008
1676,2.822617530822754,2.2808690071105957
1677,2.850862979888916,2.257589817047119
1678,2.812114715576172,2.2586305141448975
1679,2.8106131553649902,2.2626736164093018
1680,2.7940540313720703,2.227266788482666
1681,2.8069522380828857,2.290656328201294
1682,2.7068142890930176,2.2705726623535156
1683,2.797638177871704,2.274738073348999
1684,2.6937193870544434,2.1943764686584473
1685,2.8021891117095947,2.2949585914611816
1686,2.7334134578704834,2.250379800796509
1687,2.756727457046509,2.2056937217712402
1688,2.764561414718628,2.3151636123657227
1689,2.710134506225586,2.1316428184509277
1690,2.7732818126678467,2.199284553527832
1691,2.7162680625915527,2.3238232135772705
1692,2.6442391872406006,2.296402931213379
1693,2.7176668643951416,2.197981595993042
1694,2.773224353790283,2.2433969974517822
1695,2.6841623783111572,2.1600091457366943
1696,2.707319498062134,2.1768715381622314
1697,2.5969183444976807,2.264005422592163
1698,2.620800018310547,2.165431499481201
1699,2.611377239227295,2.1260602474212646
1700,2.702693462371826,2.1861417293548584
